3.867974504828453
11.002119946479798
4.880088102817536
2.463243731856346
3.799228519201279
5.497475862503052
1.6128405064344407
1.7019277602434157
2.432315915822983
3.4939213931560515
3.341837555170059
1.3987872257828713
0.4727718342095613
0.4813870288431644
0.09794325698167085
0.14968085419386626
0.08825281388126313
0.049112580204382535
0.0717538731638342
0.0388967614620924
0.04356813072226941
0.03323348565027118
0.03594073944259435
0.028572110552340747
0.026540035987272857
0.027122977934777734
0.021762387710623443
0.02179513820447028
0.018945002614054827
0.019751790270674974
0.023923851421568543
0.015512681344989687
0.06692718472331761
0.018850360973738135
0.017252239829394965
0.014706264680717139
0.014666145236697048
0.013055535696912555
0.012943330907728522
0.013046532846055926
0.012610400398261846
0.012754836794920265
0.011471397284185513
0.01148413568153046
0.011103419755818323
0.010854499012930318
0.0103740272577852
0.010439201112603769
0.010513748892117291
0.009671519993571565
0.009535025153309108
0.009640866058180108
0.009131707320921122
0.009389181720325723
0.009641235077288002
0.008625887538073584
0.009097213961649687
0.008813982247374952
0.008240147837204859
0.008571375091560186
0.00806630848092027
0.007427465554792434
0.007884794555138797
0.00790280750952661
0.007941012305673211
0.007347183226374909
0.007244070142041892
0.006971263576997445
0.006920610650558956
0.006780461245216429
0.007886443549068645
0.006615932969725691
0.0065834850945975625
0.006503956738743
0.006626041157869623
0.006336565632955171
0.006507256938493811
0.006322972825728358
0.006016978094703518
0.006316341948695481
0.006359024133416824
0.0063390867842826985
0.006102899528923445
0.0058501267747487875
0.005855383645393886
0.005931069114012644
0.0055603924469323825
0.0058181284024612975
0.005697219970170408
0.005373622936895118
0.0073407215561019255
0.005696891041588969
0.006178825910319575
0.006116181539255194
0.0058759325125720355
0.006620699923951179
0.005739524704404176
0.005591825093142689
0.005603672107099555
0.005444732849719003
0.005522482134983875
0.00531203394930344
0.005541646375786513
0.005240168358432129
0.0053085293417098
0.004913144093006849
0.005596747988602146
0.005641933620790952
0.004941640156903304
0.005117945032543503
0.005514199592289514
0.005007326643681154
0.004854357070871629
0.005177942302543669
0.0041905048579792496
0.004059972423419822
0.004372851971129421
0.004747931013116613
0.005100592560484074
0.00520183853659546
0.005009779646934475
0.0053040977785713045
0.004610863848938607
0.004531916484120302
0.004320791730424389
0.0047948321021976876
0.004628167547343764
0.0045319242606638
0.004648026579525321
0.0044765393206034785
0.004458329865883571
0.004358285848866217
0.0039190950468764646
0.004130008420906961
0.00407475922111189
0.004193046904401854
0.00413522390590515
0.004520434213918635
0.0047814100646064615
0.0048352070676628495
0.004602345674356911
0.004321677867847029
0.004430752062762621
0.004137742714374326
0.004791271094291005
0.0041600733340601435
0.004136665008263663
0.004055487661389634
0.004312431139987894
0.004401169932680205
0.004602137659094297
0.004012379323830828
0.0038090716290753333
0.003896454311325215
0.0038631227929727175
0.0037774563927087
0.003831026703119278
0.004082966780697461
0.004259815378463827
0.0038652840215945617
0.0038036414291127587
0.0036685109371319413
0.003411231079371646
0.003751230906345881
0.0037725539412349464
0.003617671231040731
0.003564575542986859
0.0035501065853168257
0.003968885992071591
0.0039515731667052025
0.003786771668819711
0.003852500753419008
0.0037172156837186774
0.0040105043284711425
0.0034635982519830577
0.003915492953092326
0.0034183053270680826
0.003422178453183733
0.0034977258124854415
0.0033700405067065733
0.003865273400151636
0.003927359014051036
0.004032243207620923
0.004203621252963785
0.003946932626422495
0.004986530389578548
0.004168790167022962
0.003987422095087822
0.003964511385129299
0.003990178271487821
0.003669133443327155
0.003634588961722329
0.003740622506302316
0.003589168770122342
0.003959376548300498
0.0040261954680318015
0.0037151594005990778
0.0038636268247500996
0.0037974523016600873
0.0039069850790838245
