1.465803574948084
1.3482735406784787
1.323346798192887
1.3035927545456658
1.2323278299399785
1.224853159132458
1.169241546449207
1.1332941052459535
1.079748676220576
0.8758705854415894
0.6899069402899061
0.4115789118267241
0.25488891676068304
0.18348342233470508
0.12663943127152463
0.08881547302007675
0.06573167982555571
0.0543450396862768
0.044236730216514496
0.035026536438436735
0.02949769499578646
0.023260321893862318
0.021862757115048315
0.018256485468841024
0.019441024903651502
0.016761822492948598
0.014009113817120946
0.013284246136789168
0.012316440478233355
0.011225438803168281
0.011192398059314915
0.00923266400738309
0.010337249143049121
0.00964369844157426
0.008026295635361402
0.00767944402260972
0.006508331481988232
0.006553250901024079
0.005793463276322222
0.005156989116776025
0.004615469143304619
0.005665618677934012
0.0040056806212912
0.004352970673547437
0.004154923001659059
0.003635504606756426
0.0033600063639737305
0.003600639027232925
0.0034276362217497084
0.0034589780234022156
0.003047801662302975
0.00270930320257321
0.0027425117749122103
0.0027833045099950617
0.002867836357715229
0.002664798208778458
0.0025401080294700693
0.002534239890796709
0.0025384888252509494
0.0026037759538407304
0.0024993479839481767
0.0022739441455563616
0.0023493200673588683
0.002066256508364209
0.0018904703907624242
0.0020391499989533
0.002450132901347907
0.0019481856320496824
0.001831678731001115
0.0016434809242907378
0.001922430541405144
0.001604911759135402
0.0016141441501011805
0.0015861016991991729
0.0018041717104746828
0.0016661585623209939
0.0014675985758436756
0.0017869017522094681
0.0012773707373222958
0.0016360431129301323
0.0014990496106856016
0.0015757572343794719
0.001293887007410549
0.0014668813675165265
0.0014635743874047572
0.0012029511895629444
0.0013296671836758919
0.0013052251347939348
0.0012230743895218308
0.001295974313758225
0.0020262577712336287
0.0012184196976401532
0.0012462120454680796
0.00109472924059013
0.0009661852849170656
0.0012507181775401391
0.0012556028878732053
0.0012243108063038173
0.0010458073907232445
0.001163120129439492
0.000905671111485433
0.0012886946588488563
0.0010525782383324224
0.0013179391442376764
0.0010963411167419204
0.0009206143159341687
0.0011574535431074244
0.0010653363216468798
0.0008698445751049023
0.0008835638185874338
0.0009909857363839235
0.000872172112438074
0.0007858077843723418
0.001021135660301384
0.0008974464577650429
0.0008745259096031078
0.0009459169904446407
0.0008616964014696091
0.0010685370561467216
0.000910251238729827
0.0007606651883439293
0.0007537853922778074
0.0007130826932206262
0.0007577757330311995
0.0007321777054693527
0.0008815326552610801
0.0008604509278527638
0.000704080570236935
0.000817345324252355
0.0006386685445682988
0.0006449973215543045
0.0006937431892895672
0.0006793158957623832
0.0006511281004003693
0.0007419221911169146
0.0007755112694299203
0.0006314480578848383
0.0006564545495036457
0.0007232846737246118
0.0007703896230807349
0.0006269091448519334
0.0007974536715967891
0.0006807876499979535
0.0006921669610338064
0.0007420518296948147
0.0007473159832270107
0.0005644582491922415
0.0006273720267234326
0.0006456321475048927
0.000713363384108691
0.000592029046120366
0.000688412765988947
0.0006146103433344425
0.0005895006515770331
0.00046854995459961216
0.0005775405023000314
0.0005544945364125028
0.0006086010970951369
0.0006092132386540817
0.0005410844029115867
0.0005174982809140126
0.0005431681832955551
0.0005289184475259389
0.0005572500174388378
0.0005729498010277027
0.0004744026277746473
0.00043485118256371825
0.0005012734627511929
0.000544923529343491
0.0005843294681177386
0.0004792837051181345
0.0005047727352662366
0.0005123713945933906
0.0005638130653962782
0.0005027699894742996
0.0007248555697428638
0.0005400560146275286
0.00048284822592644825
0.0004174163500248965
0.0005075235492161786
0.000603963349359609
0.0005261890361864408
0.0004928442232388382
0.0004691789449896619
0.00048046080559115156
0.0006739691495438041
0.00047470809520399633
0.00043860705489004475
0.0005142857909959275
0.0004826880427398941
0.00042486492325440934
0.0005884041333740156
0.0004925784137975868
0.0004560010053821662
0.00048298519679866294
0.0003454635800846431
0.00041532317468192474
0.0005384944389377433
0.00042203795525156676
0.00045860113528934087
