5.843005643004463
5.972177493004573
3.998461722759973
3.2367520389102755
5.110842936379568
3.7798306118874323
2.747483171735491
2.385027341047923
2.790423772448585
3.7680575052897134
4.198738580090659
2.1557315888858977
0.635383798678716
0.3008001448497885
0.1202651615121535
0.04731232179772286
0.04211513659074193
0.023759588612509625
0.016906239201004307
0.011265675355458542
0.009577993336798889
0.00901738542154254
0.006182010760087342
0.005197388961512063
0.004937720125807183
0.003777365017837535
0.0032795589921685558
0.002909626606075714
0.002481273581672992
0.002759894888315882
0.0023868494018513173
0.0021375160182027946
0.0028296419613373773
0.0022526154416568933
0.0022270141194374966
0.0014302122207092386
0.001264535530935973
0.0011596801308249788
0.0011187127769170773
0.0009910852274125708
0.000882632774855232
0.0008949282487654793
0.0008190994802308046
0.0007525747111122612
0.0007191628912031384
0.0006548210295260928
0.0006168195623017492
0.0005970303156313353
0.0006243665393586049
0.0005304022511977347
0.0005024576064897701
0.0004692731800744133
0.00045085017461263174
0.000434380648047885
0.00042028021236460304
0.00038925185778810245
0.0003896049696431008
0.0003835962399967857
0.00036396884042049003
0.0003740226173596013
0.00035643930619005997
0.0003218624918233781
0.000314524821269082
0.0003021939921641855
0.0002882983262506536
0.0002857624444351088
0.0003010952316496211
0.0002600753600875448
0.00026235250684077897
0.0002597537160562795
0.000270432287721806
0.00024322060947140145
0.0002487858584832533
0.00022886909829962642
0.00022183877646013919
0.0002333999366826555
0.00021639692533339952
0.00021151933320825699
0.00019627437560259186
0.00018984604248544203
0.00019890919003436077
0.00021875408766347735
0.000186725295428741
0.0001750922667963009
0.00017625455730012614
0.00017179946433835928
0.00016931744716462813
0.00015791611627459393
0.00015397330186845334
0.00015250193315469437
0.00016553000525510426
0.0001518367948370897
0.00013973009180127908
0.00014214033414776037
0.00014911341076228945
0.00014619987930581418
0.0001305670965285528
0.00013221353302859436
0.00013210927063482815
0.00012974882137357436
0.00012812476838700517
0.00012313060000278278
0.00012061835500173315
0.00011605634153099908
0.00012155971704660691
0.00011609575189400597
0.00011800144701347952
0.00010808401933727076
0.00010239970430293828
0.00010032985723921143
9.830107606138058e-05
9.823201265438304e-05
9.731293664247332e-05
9.609469953353427e-05
9.475115816929332e-05
9.468014061331772e-05
9.2777135363403e-05
8.910401028558791e-05
9.285377531168273e-05
9.20146021858922e-05
8.822833109921443e-05
8.791920287573399e-05
8.483493487195422e-05
8.289370026821935e-05
7.848754538004177e-05
7.963587313064463e-05
8.098778122248838e-05
7.91042908877855e-05
7.713521687643758e-05
7.630632596071034e-05
7.30759680577432e-05
7.42383194197568e-05
7.16963166355743e-05
7.47227558306241e-05
7.287822649925062e-05
6.827810830145609e-05
6.713532533294278e-05
6.775960502550117e-05
6.736723392220614e-05
6.609365250153046e-05
7.060167997787217e-05
6.836491912032387e-05
6.497710601252037e-05
6.295127859630156e-05
6.264289796014228e-05
5.991183470108635e-05
5.998582219901783e-05
5.7845716617607864e-05
5.8427582085382066e-05
6.177839303355929e-05
5.968392263942709e-05
5.594402147315642e-05
5.42151660955001e-05
5.491868055070795e-05
5.553253772848707e-05
5.5216182573487796e-05
5.358497560553673e-05
5.6145088577371395e-05
5.3243584365450904e-05
5.041724616603461e-05
5.192570873380949e-05
5.3192937585187055e-05
5.293657358422587e-05
4.916354053074471e-05
4.802083953802052e-05
4.813503425490733e-05
4.697835503888893e-05
4.6489246856903525e-05
4.692637043522804e-05
4.62449120580762e-05
4.5724916751732095e-05
4.534350637619528e-05
4.539706868464626e-05
4.5308116187654726e-05
4.4377050324415214e-05
4.5545569688935456e-05
4.333689848863287e-05
4.259386240023776e-05
4.291558009191206e-05
4.4162966532028466e-05
4.527518267423148e-05
4.349241672094823e-05
4.194235395213279e-05
4.2506917071434494e-05
4.125602535211891e-05
4.14580717742432e-05
3.871371810375768e-05
3.895908575941576e-05
3.94880281635865e-05
4.075724221668982e-05
4.1714703911566176e-05
3.7578655636545074e-05
3.679031511377876e-05
3.8452386615972496e-05
3.5973173743557365e-05
3.6144628211332026e-05
3.725951545285559e-05
3.6192392698943704e-05
3.587914017684636e-05
3.51650453012553e-05
