1.3981519909132096
1.3090691027187165
1.279739683582669
1.2489192366600037
1.2251047020866757
1.2177184300763266
1.2047637837273732
1.1694762590385617
1.1647668134598506
1.1658631199882146
1.1646553629920595
1.1510248641173042
1.1310552775859832
1.135111226070495
1.1076716868650347
1.063376834846678
1.018416166305542
0.946726908002581
0.869592240027019
0.8448856546765282
0.8089510869412194
0.7766741630576907
0.7531032471429734
0.7243345473493848
0.6979470203320185
0.6407881779330117
0.6529851097436178
0.5800395654780525
0.5669839728446234
0.5539364262705757
0.5045024319773628
0.45651497315792816
0.5029811854873385
0.48052849060013175
0.4102039428693907
0.34716676260743823
0.2907404742070607
0.2452932803048974
0.18189733913611797
0.1591549045982815
0.15369933174834363
0.1189162454789593
0.09389988497963975
0.0655641774336497
0.06344425920397044
0.05038772401000773
0.03177045387482005
0.04791833023939813
0.03134949161626754
0.027566442906945234
0.028532861960342243
0.02205730583740487
0.02189456299834308
0.019447432802103103
0.015450302589063844
0.019594787345046088
0.016909483637261604
0.019378555823294893
0.013156571414410359
0.011485578417999758
0.008909357305327874
0.008604353232797056
0.007365887271173831
0.007426749877742536
0.007355442530076418
0.006509176878968165
0.007431789366195777
0.007199907185886765
0.006020245528669053
0.0054153479585823195
0.00608814353999194
0.0066874155187092365
0.005439508785050185
0.005084343780375396
0.003816431991123994
0.004170295380200037
0.0053286028158340965
0.005572553718229755
0.004225504018333075
0.004401810175096173
0.003932670804594332
0.003416894826001399
0.0029529905797625404
0.003665593115562972
0.0026530207966321277
0.002552476861248059
0.00268921141673456
0.002905450105650483
0.0025515686947896717
0.0025405962025702353
0.0018930058209835332
0.0037900964435677795
0.0030825997187223816
0.003414701440903757
0.0022254536255440186
0.0021459852657114554
0.0025406622805998528
0.002400773735107144
0.0021801865325653037
0.002740446459141649
0.002493432907587183
0.0030965346912299064
0.0016114787176428806
0.0022910870522970246
0.001515524955036762
0.0020865251067637776
0.0012948900199262424
0.0019374930552051714
0.002035719078655044
0.0027070631805968114
0.0023668296202751142
0.002828975017404272
0.0017945239139537858
0.0014837047672786173
0.0021390690904116213
0.002043152115462969
0.0026965849481972066
0.0015206943817680611
0.002061725919026815
0.0013024043747767184
0.001917783987786
0.0012475947904888364
0.0012908836528714304
0.0014773945938768086
0.0009278007139939638
0.001128225402221904
0.0011240255994683442
0.001066860271038465
0.0009032345728926539
0.001461793623526492
0.001353162664565302
0.0010874339523503469
0.0010441990373129513
0.0009373105728411159
0.0008317383001364458
0.0007212463023842291
0.0008009954976885293
0.0007332684157604707
0.002105752470656409
0.0010541782990912908
0.0010717359381184602
0.001140400018595669
0.0009584941491734103
0.00108703879322136
0.0009146453973482407
0.001156481219576173
0.0018132064831748028
0.0012235700881103096
0.0009692057684809524
0.0009120770838524636
0.0012041741515055211
0.005755542114431072
0.0011989488064760476
0.0009693267624936112
0.00125885515527833
0.0012617851766879625
0.0012481335023559429
0.0007836618645039078
0.0009343455654397119
0.0006609115619323262
0.0011066373064836843
0.0008038182464674936
0.0008253407129640913
0.0008295125581623455
0.0005604924503131769
0.0008341393955647834
0.000673137036487571
0.0007313281478543232
0.001653397700006497
0.001043688440750841
0.000857672640233345
0.0005245424324433164
0.0013308951774282226
0.0007803719965782615
0.0006540394601567337
0.0005418510078882156
0.0011977647834663953
0.0009128102194933619
0.0006655876358438816
0.0009983396377460198
0.001687076959275319
0.0008297521780366965
0.0005736577771174433
0.0011923273141465395
0.0005258432884667335
0.0009222650342659714
