5.558517135324933
5.950934101286389
3.855752420993079
2.450502519380479
2.0108140752429056
2.414646874155317
1.5713016629219057
2.1494927485783895
1.598225476060595
1.5675722757975261
1.6035593864463624
1.447224225316729
1.739017022791363
2.1020801544189456
2.376283421402886
2.404224994636717
2.5255716936928883
2.999768146446773
2.3063332523618425
1.267754638195038
2.1099993126732963
0.8672995907919748
1.0563993113381522
1.361110833996818
1.0228774825731912
0.8414422094821928
0.6445089294796899
0.7282265850475856
0.7411831063883646
0.9703579397428603
0.7219336318118232
0.7878853756757009
1.2140188181684128
0.5467228345927738
0.6666307205955188
0.3796533507960183
0.3370366382102172
0.19458547811068239
0.25452046057298067
0.07756832978200345
0.10373349957877681
0.275080303670395
0.09844040507450702
0.09229369673523165
0.0647345257856484
0.03469345253847894
0.02041014530695975
0.030111785565635988
0.019140846785601406
0.01142943023171808
0.021174149337180315
0.008389832509592885
0.010091630733638468
0.00611870584710102
0.004161206204887657
0.005055305926084873
0.003908181922244174
0.011030117224436253
0.005444278007018424
0.003118354205729529
0.0023727750391810245
0.0021678034067874595
0.004848080134806445
0.0014681842000711532
0.0013717494928555207
0.002128387985119064
0.0013578246209016512
0.001382583939370566
0.0014142312198167754
0.0013090767716113037
0.001302926804817703
0.0013790863553627527
0.0012571954233516452
0.0009935624724242925
0.0009779844477417925
0.0009272190528766562
0.001337712603188785
0.0018391351872456396
0.001034436677166793
0.0007175612408900633
0.0005682524693492312
0.0005362633330930423
0.0005317007916303174
0.0008665318627165453
0.0007767155208663704
0.0004206090106024585
0.00038541952914480747
0.00048574079618057494
0.0003600356129200442
0.00044037189793362763
0.0004418196830513244
0.00039218199928568324
0.0006840617661336659
0.0007877315218571485
0.00035294163099024444
0.00031968037170978885
0.0005141891191929712
0.00029862119010344725
0.0002969286868132518
0.000519935245219607
0.00033501432148373814
0.00041542594172781154
0.0003375691382513781
0.0006346807262161746
0.000299684848834572
0.00031153921958147773
0.0003260221473673092
0.00023949666231471516
0.00028226226457350316
0.0013907490563551186
0.0012340690860236506
0.00038682993053087213
0.0003136864306898566
0.00031529490824184554
0.0002856633768671946
0.0003014166980782258
0.0007471941549738404
0.0002709731622114001
0.00019402354948743733
0.00017068372922256542
0.00022192530595930294
0.00015592904861218163
0.00018221315175261617
0.0001820868131333208
0.00014541669871028892
0.00014038929408083538
0.00013836567289087856
0.00013037808104335064
0.00013811908055296436
0.0001484147887129525
0.0001182453476628455
0.00011941612456645261
0.00012183683431344218
0.0001145376110452205
0.00012144862299638112
0.0001068141864553105
0.00010057553821146333
9.013956071049462e-05
0.00019468138830450784
0.00013586484759192292
0.00012091420846575471
0.00011374733017181001
9.329375697277665e-05
0.00018270610375371431
0.00011436434236072402
0.00013822770263123815
0.0002533054907828392
0.00015260640230692278
0.00010693902754393916
0.00010726440940786795
0.0001484902503632059
0.0030822406439082917
0.00018671064710707426
0.0001317313902767464
0.00013795761267482748
0.00013248895403583966
0.00029733637458689155
0.0001455327993296253
0.00012196042665718345
0.0001082837280721703
0.000124779182702436
8.180384407924499e-05
7.807935401485469e-05
8.907901890433138e-05
7.890993342048854e-05
8.740049683010078e-05
7.591927515022689e-05
8.15600971301527e-05
0.00010136775157055428
9.045171969080999e-05
8.053353554887941e-05
7.232083850491714e-05
0.00010258330709932903
8.877197461039207e-05
8.425992398856796e-05
7.844078511750142e-05
8.996197142377718e-05
7.411765158654557e-05
7.354216502876841e-05
7.922975057140103e-05
0.0012682158229359803
0.00019944395476375663
9.199964559749267e-05
7.714928513970726e-05
6.813916947326757e-05
0.00010769273945438075
