1.2423604756593705
1.2396088510751726
1.2281998246908188
1.2292520105838776
1.2315125316381454
1.2318068772554396
1.2297754436731339
1.234830841422081
1.2262369453907012
1.2320159643888475
1.2608577728271484
1.2517019391059876
1.2264199793338775
1.2156593739986419
1.2234693765640259
1.2241775780916213
1.2081322342157363
1.2142804622650147
1.2820487931370734
1.2665341660380363
1.2732481628656387
1.2352282628417015
1.2476713389158247
1.2324562609195708
1.2595847606658936
1.200108428299427
1.2950080811977387
1.3711350589990616
1.207810567319393
1.3401645630598067
1.3805321663618089
1.1252818807959557
1.11059939712286
1.2268836095929148
1.7379249185323715
1.9241357028484343
1.0269976407289505
1.7989438593387606
0.9502308502793311
1.0254885777831078
1.2538352757692337
1.0003011763095855
1.3947606548666953
1.35473310649395
1.7539855241775513
1.891276377439499
0.7123944200575352
0.9813384994864464
0.359421456977725
0.5896283783018589
0.8308495908975602
0.3136995751410723
0.2680872920900583
0.14192533046007155
0.1876727918162942
0.09119452256709337
0.10634501492604614
0.13670753575861455
0.2256901076063514
0.05663952920585871
0.04536990663036704
0.05631814813241362
0.03840839848853648
0.03512537041679025
0.06977601367980242
0.04277304471470415
0.03300701221451163
0.03375145345926285
0.02593677956610918
0.025392852211371063
0.023936999589204786
0.02037972207181156
0.018716221419163046
0.02022917796857655
0.01738090158905834
0.0163874413818121
0.016465265001170338
0.016389334760606288
0.015307826153002678
0.01955552804283798
0.11771068591624498
0.013773673679679632
0.015172149846330286
0.01469224481843412
0.013037393568083644
0.012809975491836666
0.013019796274602414
0.01215509760659188
0.012828296748921275
0.011607635533437133
0.01168958933558315
0.010359872854314745
0.011197216110303998
0.010101871204096825
0.009596267133019865
0.00933866030536592
0.008839335781522096
0.4581982584670186
0.00950179061619565
0.011956913443282247
0.008426213334314526
0.008256728202104569
0.009212792990729213
0.007892003399319947
0.007644173200242221
0.011104641738347711
0.009192452498245985
0.007931408891454338
0.0073721565655432645
0.007202718604821712
0.006990194355603308
0.007107897172681987
0.006691067980136722
0.006579522194806486
0.006449104764033109
0.006293153471779079
0.006166876817587763
0.006074140768032521
0.0058448550058528784
0.011693910870235413
0.006577985943295062
0.006306254281662405
0.006767215649597347
0.009606257197447121
0.006386130175087601
0.005812504596542567
0.006864975905045867
0.005744656862225384
0.005595009052194655
0.005547113704960793
0.005426353891380131
0.005351470853202044
0.005126015224959701
0.005053551419405267
0.004949568514712155
0.004896188847487792
0.004798579448834062
0.004627983894897624
0.004551390686538071
0.00449956314987503
0.004523901705397293
0.004394842527108267
0.004331732855644078
0.004237227654084563
0.012577820499427616
0.005520638765301556
0.004864129342604428
0.004361932870233431
0.0041722521360497925
0.004034599085571244
0.003977229085285217
0.003924774867482483
0.003894998104078695
0.03424886174616404
0.003967008646577596
0.003988255962030962
0.003845968603854999
0.004376730264630169
0.003771104459883645
0.0038092448958195746
0.03673558307345957
0.011005674075568095
0.004550068225944415
0.005185108334990219
0.004055573506047949
0.0040680580190382894
0.003902646788628772
0.003819932701298967
0.003762028267374262
0.003736762568587437
0.08392849375959485
0.09537378810346125
0.013362485135439783
0.003845788823673502
0.0037633512518368663
0.017052333831088617
0.004473870055517182
0.003970927331829443
0.0037903175805695357
0.0036927065986674277
0.003872280096402392
0.003445026988629252
0.010396760865114629
0.015930419322103262
0.007797073852270841
0.009517958661308513
0.003983844601316377
0.0033555020054336637
0.0033079874119721353
0.1994146925630048
0.005556888360297308
0.003641114558558911
0.0032068756467197087
0.003090469719609246
0.0030545308196451514
0.0029532241111155603
0.0028707614459563043
0.002876421745168045
0.0028059027215931566
0.002693587058456615
