1.2349402397871019
1.2386041402816774
1.2331389993429185
1.2350020349025725
1.2347057998180389
1.2452049016952516
1.2335914939641954
1.2302078992128371
1.2312292933464049
1.2322530955076219
1.2319069832563403
1.2325686633586883
1.2332357108592988
1.2289232850074767
1.2328827172517776
1.23246551156044
1.2240130335092545
1.2335604459047318
1.224047029018402
1.247455722093582
1.2720846116542814
1.231920099258423
1.2245161712169648
1.2153261810541154
1.21794635951519
1.2206754446029664
1.2283749103546142
1.359471508860588
1.2008023589849472
1.3596239238977432
1.2521765157580376
1.3250857651233672
1.3525778889656066
1.2979819238185883
1.2942743182182312
1.463861531019211
1.2336035162210464
1.0638466611504553
1.029340887069702
1.0145088315010071
1.2709049999713897
1.1776575699448584
0.7646878778934478
1.4472172543406487
1.4270552009344102
1.2697123721241952
1.9028700023889542
0.5046808764338494
1.5544853389263154
2.2642577052116395
2.99773428440094
1.542856152355671
0.8625900626182557
0.22673932686448098
1.4578677639365196
3.3131384372711183
2.794007393717766
0.7210205569863319
1.4878596425056456
0.2540108794346452
0.2589329468086362
0.10929142078384757
0.06545479083433747
0.07986762607470153
0.08348870826885105
0.0562725774012506
0.05942627135664225
0.33538895659148693
0.03910222868435085
0.07598601533100009
0.03424246562644839
0.03913665236905217
0.02869044952094555
0.05938929724507034
0.03737702271901071
0.026671179849654437
0.02601377898827195
0.026265613362193106
0.022338810097426175
4.012369281053544
0.023441307712346312
0.02831153147853911
0.019647235283628106
0.018732560239732264
0.028485746402293444
2.3946635007858275
0.02350707701407373
0.01727549429051578
0.028175185387954115
0.0164038164075464
0.014567005820572377
0.052023016614839435
0.014942443836480378
0.014359331340529025
0.014130184450186791
0.013849431974813342
0.018561631022021175
0.11383245866745711
0.014014872629195452
0.012954529467970134
0.012925339420326054
0.01187954917550087
0.014764213282614947
0.011844115355052054
0.011500610085204244
0.010770241310819984
0.0111455351812765
0.01086426475085318
0.010066959471441804
0.009569875698070975
0.009296004089992493
0.009073779964819551
0.009738844237290323
0.00892390012741089
0.008385801338590682
0.00941026882501319
0.00803646792192012
0.008432688482571393
0.008766872039996088
0.00800751190399751
0.007625270215794444
0.15014541083946822
0.007429641019552946
0.007448482257314026
0.007058838580269367
0.006962796649895608
0.007054719235748053
0.0069808550993911925
0.006556078034918755
0.007355925138108433
5.006707322597504
0.5760851256549357
0.03761446764692664
0.02658977573737502
0.02163890358060598
0.018705867417156696
0.01633737636730075
0.08814677684567869
0.014392996532842518
0.013564672251231969
0.04663031417876482
0.011683704378083349
0.010926727205514908
0.014899442857131361
0.010492164955940098
0.009663840988650918
0.00887949945172295
0.00829992515500635
0.008357321273069828
0.0075246280990540985
0.007090558006893843
0.006707847223151475
0.006560933555010706
0.007989035733044146
0.006779853045009077
0.006511162675451487
0.0061451900517568
0.006034514564089477
0.005798402684740723
0.00556585208978504
0.005652542901225388
0.005518286302685738
0.005208255536854268
0.005103430501185358
0.0049605037842411544
0.004952202108688653
0.005379813583567738
0.00497888803947717
0.0046559127280488615
0.005022174073383212
0.005366522638360039
0.0044356753525789825
0.004341572063276544
0.00465264250524342
0.0046121833496727055
0.004523616045480594
0.004242854547919705
0.007045903260586782
0.00410288242273964
0.004018462920794264
0.0039349562197457996
0.0038542278576642274
0.003778515715384856
0.003705319296568632
0.003635355387814343
0.0035731386393308643
0.003522067307494581
0.003471585735678673
0.0033979761763475833
0.003365981468232349
0.00329184117144905
0.0032271753763779996
0.0031662790453992787
0.003131782641867176
0.003201446891762316
0.0032510478398762644
0.003084483765996993
0.00302924049901776
0.0029760247154626994
0.002911408006912097
