1.1027332334291367
1.0997251431147257
1.0984631924402146
1.0986082207588923
1.0980706969896952
1.1113120487758092
1.103120355946677
1.0975397036189125
1.0951472412972223
1.0967038716588702
1.094737714812869
1.0940803516478765
1.0946375114577156
1.0931557854016622
1.0955410906246732
1.0916086486407688
1.0906369981311619
1.087613450913202
1.0885811879521323
1.0919000915118626
1.1147431095441183
1.1082513658773332
1.0836996634801228
1.0795417223657882
1.0801335874057951
1.0734938076564244
1.0726493920598712
1.107264723096575
1.1324543825217654
1.1126524442718144
1.0964349968092784
1.1258409715834117
1.1598140287966956
1.196336952561424
1.1277831406820387
1.2124270913146793
1.0957466849258968
1.0637307990164984
0.8827106331075941
0.8570126266706558
1.010397487311136
0.9710807987621851
0.841104677177611
0.7814620538836433
1.0281184823740095
1.7780945179008303
0.7335764629500252
0.7251553172156924
0.5560395593444506
1.4670359486625308
2.4082266052563988
1.3006140310139884
1.0991674041464214
0.599860298881928
0.48796278798864007
1.7974561103752682
1.9935757492269788
0.6135431982576848
1.256978812565406
0.21367130886231153
0.18675915146512645
0.10816477281706673
0.06389146881798903
0.4379281797579356
0.05678000175172374
0.07174947166017125
0.04633518640129339
0.2297374495438167
0.045462231914557165
0.14482748497809683
0.03586319733765864
0.02739501244255475
0.02560142973171813
0.043918926073681745
0.19047077004576016
0.0416595172137022
0.022345249824935482
0.021093214844309146
0.020029522416492303
1.2007970431908257
0.6187829448708466
0.02967418037532341
0.018523066850113016
0.0166912170880962
0.08317288877885966
0.993297697044909
0.28123941088006604
0.01746159414095538
0.07010649850680716
0.018047504974085662
0.013034924390237956
0.7290646153856956
0.012911587354860135
0.012284680970367931
0.011992405856116896
0.01218743681286772
0.01119162008787195
1.0512348694372036
0.016435618853817384
0.011561565952641623
0.01081081914405028
0.01054785159815635
0.010697732036489814
0.01006099119605053
0.013528118131770973
0.00951617511787585
0.010744545338231893
0.009821807686239482
0.008751800827061137
0.008252165850163216
0.00797347971238196
0.0077594499879827085
0.007699361363691943
0.007587029512173364
0.0071929105136188725
0.007200876592348019
0.006879307961623583
0.011259497185459448
0.024489721298838654
0.007124012988060713
0.00660531081791435
0.028793899823601046
0.009506914833383192
0.006480811835665789
0.006249777502602054
0.006079240788572602
0.006195135181769729
0.005841309444180556
0.0056827561552858065
0.006579044731777338
2.9938424972772957
1.8144412384501527
0.06085894889242593
0.02573284014527287
0.019652531282710176
0.016998911857427586
0.014905623829967915
0.022799297009727784
0.016364654534984202
0.011516954195463941
0.01756220448850876
0.018822094713825555
0.010027455565120491
0.010608408043515824
0.010472772048697584
0.008817222317503322
0.008207553917808192
0.007512086929221239
0.007095878992584489
0.006866715212042133
0.006408862527903347
0.006004932048242716
0.005827504431917554
0.06645199307462289
0.006368688141394938
0.005888527294709569
0.005333810692120876
0.005255446421159875
0.005056042751918237
0.004863607120655832
0.00510149865987755
0.005091346345753187
0.004574659634159789
0.00447913941018106
0.0043501838598222955
0.004284738333496664
0.00584779759713759
0.004394472983577067
0.004073028142253558
0.004299226687068031
0.004446642052027441
0.003941075975031016
0.0037718469199414053
0.02200456484043527
0.0038123511044042446
0.003746683769194143
0.003654274908781407
0.003859503691395124
0.003889584326229635
0.0035044440079391712
0.0033987961897981307
0.0033197652238110705
0.0032374439761042595
0.0031818052775980468
0.003116632487979673
0.003059398303074496
0.0030313809834686778
0.0029584884765513596
0.0029151466020959477
0.0028794487705454228
0.0028256678865069434
0.0027754770181629626
0.0027303654279205065
0.0026912831490681997
0.0027134839534049943
0.002641498942726425
0.002593675171512933
0.002568659237364218
0.0025482018500389086
0.002492454017157711
