1.1117049404553005
1.101036408401671
1.101477873325348
1.0997491319974264
1.0993957207316443
1.1007410753340947
1.1006837152299427
1.1006861130396526
1.098728296870277
1.0989642847151984
1.0960513972100758
1.0944889556793937
1.0971816096987044
1.095792583624522
1.0949204916045778
1.0924760716302055
1.0953250391142708
1.0946048617362978
1.0920351278214226
1.088555399576823
1.0890057853290012
1.0894186110723585
1.0831820964813232
1.0857408676828657
1.0811463696616037
1.076094476949601
1.0703683132217043
1.066456850653603
1.0636445491086868
1.0538230532691593
1.0451105818862005
1.033875195469175
1.0261248753184364
1.0137548616954257
1.0044844292459032
0.9851675564334507
0.9770558944770267
0.9564079418068839
0.9177622610614412
0.886218672139304
0.851589093038014
0.8106438934803011
0.7647213921660468
0.6937653135685693
0.6435206313927969
0.5734307259321213
0.5386497077487764
0.49937413377421236
0.43535017584051405
0.41532960803735824
0.3468074102486883
0.31180320155052915
0.31404392697981426
0.2935379046769369
0.2685599127695674
0.2178469371227991
0.20307646957891326
0.20407414425696646
0.20314502364822795
0.13754718023396673
0.11333126604911826
0.13959687508287885
0.09374282920644396
0.1288955473296699
0.08508739710918495
0.07445392386899109
0.060386980520117844
0.07092363834381103
0.05810012059020144
0.09895518812395276
0.06020442995996702
0.04714587376940818
0.03623581894983848
0.05909731680793421
0.08398447479343131
0.04146949658613829
0.03127667371715818
0.03436984506746133
0.03894301486157236
0.12552776060821047
0.08177164637794097
0.036042733836386884
0.0235795059019611
0.022385214047417754
0.05539458240604117
0.04976704506469625
0.025932245129453284
0.021135477145158107
0.0322581393599865
0.022172189889741793
0.017373382730320807
0.05017453581981716
0.02203407398912878
0.017367957802932887
0.023198495148902848
0.020695592214663824
0.016081538995993988
0.13458793159308177
0.03494515990661013
0.020210437263761247
0.018704491104221063
0.01700358773537335
0.017795357156899713
0.015819574972348555
0.021952104169343196
0.011606445230011428
0.012733369396023807
0.011979622092275391
0.013166054322694737
0.009967026138855589
0.009624178425985433
0.010116953052402962
0.01262624263763428
0.008881395219248675
0.009686546251621275
0.009941628005444294
0.00821422815899409
0.012955767044886239
0.04230744315178267
0.013492525342319693
0.007948653100590621
0.015643415340621556
0.012047146963665172
0.010548685196166236
0.008232938853048143
0.007764202099116075
0.009734255270588967
0.006949867935673822
0.00694153206866412
0.011243283369445375
0.30516894870615074
0.08550964159270126
0.04893555126729465
0.04362248043041853
0.027116452938034424
0.0330928077389087
0.022572011624773347
0.021276590019641887
0.018940667555268322
0.016364464678225065
0.025721013692340682
0.02138827813434459
0.013276222175253288
0.0319152397192305
0.013534892678615594
0.013920841552317145
0.01096268921558346
0.009858427507181963
0.011276087819022083
0.008999434721079612
0.008227783120015547
0.007384800835556926
0.00754829143573131
0.02057931940736515
0.011894261706176967
0.009976199956699497
0.0075495150672005755
0.00967113864164622
0.006714698097979028
0.0072868717590435644
0.010703995843817081
0.00697091796124975
0.005638435673678205
0.008175210155812756
0.0052512288381833415
0.005141930266593893
0.007167107212756363
0.004975557166506492
0.004885580524846557
0.006900887868721925
0.007340400947612667
0.00465117430403119
0.004660273636026041
0.010665877207758882
0.004847014932671473
0.004532838284614541
0.006518857247595276
0.005036996321619621
0.005635577552242293
0.004166541199776388
0.003975748355012565
0.003922285661766572
0.005074560682156256
0.003607946728533578
0.00361157485971316
0.0035945568743738394
0.005344504803153021
0.003442315616467524
0.0034470248723491317
0.003782362246974593
0.003261509396889735
0.0031609325481223916
0.0032278839565281357
0.003042579677310728
0.0038037054861585298
0.0031278739505935286
0.0030927935459961493
0.0031562112582226597
0.00281508692451531
0.002814713173678943
