1.2413532346487046
1.237459895014763
1.2386435836553575
1.239421543478966
1.2374171674251555
1.2395965695381164
1.2362969040870666
1.2345742315053938
1.2327101945877077
1.2281325697898864
1.2262164682149888
1.232322546839714
1.2218110591173172
1.229118075966835
1.2239975959062577
1.2204207330942154
1.2509341031312944
1.2279628098011015
1.2343530476093292
1.2244826793670656
1.2071967050433159
1.2211768597364425
1.2041853010654449
1.2435799419879914
1.2215017065405844
1.2390155136585235
1.2162438735365866
1.1913466647267343
1.1900070771574973
1.1681980684399607
1.1834148287773132
1.2718349993228912
1.1516592770814895
1.204274159669876
1.215304857492447
1.0829973071813583
1.1989604517817498
1.0896036386489867
1.4790487527847291
1.1015755489468575
1.0865123495459557
1.0708645701408388
1.0519464612007141
0.9198429375886917
1.010548870265484
0.9126826301217079
1.0246807277202605
1.1814454674720762
0.882091799378395
0.8597919151186942
0.7137332811951638
0.7658796265721322
0.6758671507239342
0.6243166312575341
0.5888120092451573
0.7892924971878529
0.7200661599636078
0.5447228543460368
0.6930029682815075
0.5227426402270794
0.6264912545681001
0.5311874315142632
0.4437278255820274
0.4566831383854151
0.5228075247257947
0.46970350369811054
0.7111071720719337
0.4168557208031416
0.42609500624239444
0.45165852904319764
0.5583902895450592
0.3658533785492182
0.37642768137156957
0.4536019913852215
0.6011640049517155
0.40655364356935025
0.359447006508708
0.2850364625453949
0.29446493219584224
0.3079609446227551
0.4670196739956737
0.4612688791006803
0.69359774813056
0.4116158779710531
0.2808937644585967
0.23368970714509488
0.21558856908231971
0.4287046235054731
0.337864844687283
0.18376075215637683
0.5960861708968878
0.21405807584524156
0.12627186058089138
0.23499078657478095
0.2994013115763664
0.3882980579510331
0.8029428921639918
0.25452257264405487
0.09928527562879026
0.09058924238197506
