1.103738914784931
1.1029879246439254
1.0993844480741592
1.1011916660127186
1.0985990808123633
1.098712412516276
1.0994658719925654
1.0973327199618021
1.0974929389499481
1.0972257438160125
1.0943761859621322
1.0937626412936619
1.093001243614015
1.094814031464713
1.0903283215704418
1.0877925816036407
1.085886135555449
1.0844188014666238
1.0827180113111223
1.0776557394436428
1.0737281424658638
1.0756904675847008
1.0743598041080293
1.0676934750307174
1.0665993497485207
1.0679412478492374
1.0578524518580663
1.0526673546859195
1.0343134133588698
1.0259675973937628
1.012453446785609
1.0087145981334504
0.9982545120375498
0.9817437444414412
0.9745440610817502
0.9518687458265397
0.9416259127003807
0.9190757498854683
0.8993792233012972
0.8912142293793814
0.848645302511397
0.8488662782169524
0.812898506720861
0.7785383931228093
0.7552810036000751
0.7308725254876274
0.6974641374179296
0.6649552707161223
0.6314629137516022
0.6030274382659367
0.5563032289346058
0.5258018087773096
0.48180051900091625
0.4593335097744351
0.43515364825725555
0.3962430924886749
0.38192213830493743
0.3570467892856825
0.34477365471067883
0.327122451364994
0.31673010225806913
0.3021332501655533
0.27366821702037536
0.26224381263766966
0.25327934445369815
0.24259541779756547
0.2157301460703214
0.2113103767945653
0.20923101298865818
0.19755359338152975
0.16137045130488417
0.16643211362617358
0.15235303682940346
0.1578514849146207
0.16101214999244326
0.14204184400538603
0.12388149210739703
0.1196658545838935
0.12345152664042654
0.10011970734312421
0.10180263010164099
0.1082837884624799
0.10074323692492076
0.07176187306287743
0.06847176586410829
0.0704810738652235
0.055247701110229606
0.07661610998745476
0.0819435009378053
0.0723314283149583
0.062244855257726855
0.04567693887012345
0.03319403326050157
0.05668260467549165
0.03855287175891655
0.03595997114177971
0.04259303556311698
0.040460766510417065
0.030275698241201188
0.022815156142626487
