1.1008416499410356
1.0969298998514811
1.0997512283779327
1.098711109161377
1.0961699633371265
1.097451226484208
1.0962706032253449
1.0938449337368918
1.0947622736295066
1.0940146383785065
1.0930558074088326
1.0924205774352664
1.0927573675201052
1.0892474350475128
1.0879345462435768
1.0842681924502056
1.094111664522262
1.0983697993414743
1.09375429607573
1.0799578053610666
1.0791782495521363
1.069730426016308
1.0760008139269692
1.0773170371850334
1.1143659458273933
1.0818860783463433
1.0676490607715787
1.0704014525527048
1.0364282310009003
1.0240264123394374
1.0321081436815713
1.0485867781298501
1.031475123337337
0.994807789155415
1.0197187361263094
0.9450631241003672
0.9842316766579947
1.0683508697010222
1.2571966977346511
0.949913794086093
0.9215043292159125
0.9272927289917355
0.9190143244607106
0.784154817887715
0.9384063760439555
0.7424415120056698
0.682368536790212
0.754564639784041
0.7592068953173502
0.6653233255658831
0.5809668417487825
0.5628322501977285
0.4876258550655274
0.4770110690877551
0.4138590140002114
0.44261855795269917
0.4214546362559
0.4134407814769518
0.3984226057217235
0.3202961571159817
0.4505487525746936
0.29319062410365965
0.27063307052566893
0.2374890343773933
0.2850184320693924
0.23115982885162034
0.32026222990382286
0.2522510666932378
0.22879010811448097
0.17696428298950195
0.18108298638392062
0.14734316258912994
0.15072200213159836
0.22647801470898443
0.24532660696478117
0.20675581761059303
0.2011598673427389
0.10616091935052757
0.14190395304134915
0.09714613526704767
0.13655798408601966
0.16597316203018028
0.20075478216721898
0.15599584865073365
0.07483967499186595
0.10275117552262687
0.06040403409195797
0.14672064358102424
0.4227158166113354
0.12596688949103865
0.1595633192874846
0.13346281895147902
0.03135922647835243
0.06268735393615706
0.10240674620228153
0.05243274632486559
0.16255087925653372
0.13465838031399818
0.05733562469748515
0.03846168029343797
