1.7359693318605425
4.293703466653824
1.5894786924123765
2.041753590106964
1.5609090685844422
2.2619230329990385
1.9422259420156478
1.944152519106865
1.9159712046384811
1.5068500518798826
1.7576510339975355
1.3150248199701307
1.8810188740491867
2.6138236016035084
2.480290552973747
2.722379869222641
3.716876894235611
3.1717225879430773
2.4520684361457823
2.5916315883398053
2.1520355105400086
1.0718510910868644
1.516528831422329
1.4183067589998246
1.138159981369972
0.8358946561813354
0.711211621761322
1.226939469575882
0.8025438115000725
1.3584206104278564
0.739441169053316
0.6322403125464915
1.1132596641778945
0.43701134100556377
0.7852823831140995
0.44092392213642595
0.20454541984945535
0.1434832202270627
0.6341112285852433
0.12991254953667522
0.1875263897702098
0.20598294939845802
0.0808499988168478
0.10065033487044274
0.09743767729960381
0.19758230205625293
0.06382286841981114
0.0581604341045022
0.0947470190934837
0.051726556592620904
0.07748102555051446
0.09130655408371238
0.08925772032234819
0.04142724408302456
0.037388315238058564
0.0392362383659929
0.04631959514226765
0.13906088601797817
0.07298399787396193
0.0397197333863005
0.039733654994051903
0.049792589037679136
0.0321020680014044
0.04239683808991686
0.0459257303387858
0.065518654207699
0.02972031275276095
0.03169679318089039
0.03411562896799296
0.06956563051789999
0.03490206350688822
0.04003960750997067
0.03612207496771589
0.028834922553505747
0.03652574243023991
0.07716393260052427
0.08372669697273523
0.023077366803772748
0.0280276793113444
0.03719099776935764
0.03401307972380892
0.04017841313034296
0.047198216104879974
0.09780472773127258
0.03990215510129928
0.03758887209696696
0.04049019507365301
0.03929168499307707
0.034465953224571425
0.03567616640939377
0.03979160719318316
0.024696493697410914
0.0383140396210365
0.039916166599141434
0.03795590532827191
0.03844239009195007
0.03163890662253834
0.0332376412989106
0.04631457551731728
0.04592677570763044
0.034411376365460454
0.03655203249072656
0.04669401454739272
0.06777165256789885
0.04371916702948511
0.073234930599574
0.04193930707988329
0.02626536847674288
0.046962816081941125
0.08810376405599527
0.04168288231594488
0.03546593876671977
0.04616395132616162
0.039334993675583976
0.030087862734217197
0.06264321757480502
0.04645504459331278
0.029994759982218965
0.03929356156149879
0.04044934771955014
0.026178210496436805
0.03882277399243321
0.041620858717942605
0.03681024594698101
0.03475111403386108
0.038821615779306734
0.034857005815138106
0.02964265955670271
0.04492606631829403
0.028348371910396963
0.039494690872379584
0.03668403501505964
0.05487848046468571
0.03340200196544174
0.04128544915874954
0.0434125517582288
0.03346620266383979
0.03227834766148589
0.04408347264106851
0.03932468640559819
0.039904773200396454
0.04228062098263763
0.03127850689634215
0.03706819892686326
0.05128849064058159
0.04335077583964449
0.029966385691659526
0.04757906781742349
0.04373980583623052
0.03615382294519805
0.06643052741128486
0.051060564181534575
0.03258484859834425
0.026061391038820148
0.05584589518693975
0.03147931651910767
0.025282693828921763
0.03912345054850448
0.0311861501832027
0.04333949082938489
0.038177826383616775
0.04212320761871524
0.04924798150605056
0.045255251449998465
0.05394183496828191
0.047636347412480975
0.04542409554123879
0.046856076311087236
0.033736101830436384
0.02944992430857383
0.042236969276564194
0.046085091368877326
0.031900821576709856
0.04975020927086007
0.0453853606391931
0.04925361248024274
0.042607027222402394
0.05098728517477866
0.05169311065983493
0.041171596403000874
0.08598598858807235
0.059728842444019395
0.041292397555662316
0.030140987588674763
0.037446941694361156
0.030895140653592536
