1.0986251235008238
1.097915808359782
1.0961469485646205
1.0952812092644828
1.0963349904332842
1.0964771316165016
1.0912123583611988
1.092514249256679
1.092093644823347
1.0903077398027692
1.098451472464062
1.1015536189079282
1.0909155516397384
1.0874380866686504
1.0876110917045958
1.0828726348422824
1.0744129805337816
1.0730735086259389
1.0836358260540735
1.1086480177584148
1.093511939048767
1.0725373316378821
1.0718015148526143
1.0741318160579318
1.0657686253388723
1.0585142984276728
1.0647773558185214
1.1153012040115537
1.1188022434711455
1.1341270265125094
1.2756065493538264
0.9577499003637405
1.0184508899847666
0.9220452791168575
1.2055720275356656
1.5682128647963207
1.0153285761674244
1.3513436845370703
0.9713215683187757
0.8125960611161732
1.0616249254771641
0.8396700095562708
1.0259650576682315
1.0125413897491635
1.3941155337152027
1.3934276240212577
1.1660448334046771
0.6952052498147601
0.6141342696689424
0.4615752516048295
0.7737698379726637
0.32144340163185486
0.17558532392694837
0.14444403680307524
0.10937881922083242
0.09588008870681125
0.0880040190226975
0.22708017304539682
0.11407790755232176
0.09329577764230114
0.03849657969992785
0.05341169516600314
0.030737473620545297
0.027615829229000067
0.13623159125092485
0.035278298120413505
0.028743463062814306
0.028554866250072208
0.02087349732894273
0.019059669731983114
0.017649707779110894
0.01685273625134003
0.015523626814995493
0.01459054174345164
0.01410475538688756
0.013294683308118865
0.012793900139097656
0.012476096164789938
0.0122869075941188
0.012220102703819673
0.03556079981139018
0.012288927646087749
0.011050667689137516
0.010716358931469069
0.014449554224986403
0.009957623818800563
0.009401001586090951
0.009117170438791315
0.008967509943371017
0.009992227876292807
0.008681039487765657
0.00836869152706294
0.008234018728225713
0.008017049783042499
0.007791992137208582
0.007546760410159117
0.007218998739318479
0.0731032219626719
0.010956964227149174
0.018961787097422137
0.007260204873801696
0.00692970807708445
0.007056397011148787
0.006605195455874006
0.006478545364613334
0.036341165930831004
0.007264874403231911
0.006554801708885602
0.006241192752938895
0.006118912378414756
0.006045524454453871
0.006154234793835453
0.00572407407730463
0.005621953521456037
0.005403525233712225
0.005267335088657481
0.005160530751925849
0.005088021362289077
0.005045860058938464
0.1998776475366737
0.00716749420389533
0.005507328416708679
0.005131956356178437
0.005050087085969392
0.004834149198030077
0.004659681318194738
0.004650066326194931
0.004622601286419445
0.0045230877585709095
0.004411408573477751
0.004295021161392686
0.004203934580575498
0.004121373611546699
0.0040363781941345055
0.0039725458327059945
0.003904515994890105
0.0038426170436044534
0.0038498264859386146
0.0037811333668373876
0.0037198604239771765
0.0037107532211978524
0.0036292317267950804
0.0035590613549131723
0.0034998450228678328
0.0042734696041970026
0.03540514381048047
0.0037291821746510407
0.0036564623948097934
0.00349205053145332
0.0034141838694700887
0.003353018613000001
0.00329667610182826
0.0032529282483405295
0.007062380270855058
0.004125013827745404
0.003440624313606393
0.0033297436101184714
0.0033376631881332115
0.003260166806701039
0.0031998401175120047
0.004808620523129191
0.010690182867637349
0.004159836452232586
0.004359085638342159
0.0033282384209867033
0.003270095052374971
0.0031258075364998406
0.0031337881471873038
0.0030629941761227595
0.0030806233640760182
0.016053307394585794
0.0452046334954156
0.010592834582729709
0.003275086554432554
0.0031933700876487863
0.04184085884730199
0.005113549487266157
0.003430123746927296
0.0033870372455567124
0.0034497157060762954
0.003455250679204861
0.003247429412745294
0.003240106443298005
0.0034599255415655315
0.0032606007453675075
0.0030392076254689266
0.0029540926716955644
0.002859715742635585
0.0027898391498075354
0.031034752105673153
0.007332098910895486
0.002927627004239531
0.002722774831844228
0.0026352259130882367
0.002612868838367008
0.002543370386896034
0.002468325605704671
0.002430728800772201
0.0023979870491616785
0.0023352297754692182
