1.10000460034325
1.0976744260106768
1.0985821956679935
1.0962794451486497
1.0939773122469585
1.0964870203109014
1.0934862886156356
1.0927318595704578
1.0903544062659856
1.0913284545853024
1.092764075029464
1.092561976114909
1.0904728083383468
1.0876748703774952
1.0915409286816917
1.0854076805568877
1.080466381708781
1.0739934274128504
1.0737901074545724
1.0700033273015703
1.0638525148232778
1.0593763399691807
1.0511346132982344
1.0419225914137704
1.034197517803737
1.0230018269448056
1.0109320441881815
0.9985816927183243
0.9869119087855021
0.9763995082605453
0.9598596249307905
0.9535293766430447
0.9367470996720452
0.9165216037205287
0.8909985902763548
0.8702050450302306
0.8530720693724496
0.8298317679337094
0.7934205358936673
0.7810592833019437
0.7444843391577404
0.7153415430159796
0.6715399056673049
0.6531701202903475
0.6035043943495978
0.5313773670366833
0.46622136121704466
0.4028082998025985
0.332543069691885
0.3061600770269121
0.2533664589126905
0.20423227779212452
0.17472154934491432
0.14694364862073037
0.12075068631342478
0.11495942751921358
0.09122329874052887
0.09135041692782016
0.06871670954639005
0.05990637702246506
0.04876314838017736
0.05160299293874276
0.03896652881410859
0.03963466136760655
0.06960208598701727
0.049960147820058316
0.034277334711736156
0.04069889057427644
0.02889407550295194
0.024738246920917712
0.02267524251448257
0.02093547767560397
0.019207074355688834
0.019482520768152815
0.01807313674085197
0.01824124919339305
0.016260574075082936
0.01580398241944966
0.016083674509787843
0.01946397890292463
0.020855275723373604
0.014989125799565088
0.013434047327332554
0.013531340773971308
0.021752537862353382
0.012103985383042267
0.013166525959968567
0.011811915199671473
0.010987321491397563
0.015746346080587025
0.012115069305790323
0.010115647741726467
0.011966048103446763
0.009785346409660717
0.011404312031698368
0.009512861607418882
0.008609802555292844
0.013140928882750728
0.01863049389350982
0.012901799272124967
0.016500379120753635
0.008346686470100567
0.010263109486550093
0.007860948724140015
0.008413453568660077
0.03159828722432611
0.012349149425114904
0.007648685097783094
0.007540144283501876
0.00869912196039444
0.007359264917405589
0.008651520844016755
0.0066804631901461456
0.0069534902216955305
0.0063661930528247646
0.006038035070967107
0.00595082478331668
0.006452709148150115
0.006345468910322304
0.01674477589937548
0.006753201751659314
0.007666712755426054
0.006400173066538714
0.00874781004330587
0.0056027345647591915
0.005674872616128553
0.006932615825817699
0.006115097514841528
0.005468871517639075
0.005431377588372145
0.005059950828685292
0.005072856732156305
0.004817662849312738
0.004608107585504295
0.004825129925406405
0.004518506787939086
0.004388676548287983
0.005619263921731284
0.004279210677902614
0.0044060569888513005
0.004719580229859622
0.004200393914998997
0.004026251424857903
0.004022523104434922
0.011671807629144972
0.01347031258379242
0.004299014008470944
0.005728015350177884
0.004278089460872468
0.00401202527628768
0.0039039225772111896
0.003747472896551092
0.0038088515733501744
0.01725035640300207
0.00674845833619613
0.005316610128751824
0.00409529280649232
0.006750508025288582
0.00415081851117845
0.004051887370379907
0.008647234467346042
0.0058682277111247886
0.003987660171419737
0.004133395031316295
0.005385572668386712
0.003682275959068821
0.0036331594311853955
0.0036910624354190773
0.0034709010483874453
0.003364398106489153
0.004605717864996265
0.028308804353166905
0.0054426542915669935
0.006090441489193057
0.005216796848080342
0.01513869779716645
0.005880908855414461
0.004037938184947485
0.004040556088356035
0.007296126493297163
0.006215457506256089
0.006012444047346001
0.004753229120701905
0.0045613668482041075
0.003746979584961775
0.004443721463238554
0.004689724060396354
0.003419460593501018
0.003208033845848625
0.00490060598656003
0.005061112021628235
0.003451121301345882
0.0030613411517281617
0.003005303169733712
0.0031489848957530087
0.0030551643465601265
0.0028965106755051585
0.003235359586376165
0.002803414155329977
0.0033283811772153488
