2.307094630559285
2.306333351135254
2.3055085217157996
2.3058382994333906
2.3048518891334533
2.306079668839773
2.307806272029877
2.305231862068176
2.361110825777054
2.3135102187792462
2.9795522350470227
2.30799990828832
2.320679681619008
2.3118827721277873
2.313666565100352
2.314225486358007
0.27682564510079105
0.0025567467878475627
0.00016210332153908288
7.864316424820572e-05
4.636524047721954e-05
3.532558573715505e-05
2.641292949798905e-05
2.1752482982871397e-05
1.818876512394733e-05
1.59818446936697e-05
1.4264808371081017e-05
1.2878225636692757e-05
1.1541356824333585e-05
1.019725565159509e-05
9.3071505577124e-06
8.644420337077464e-06
7.964603754468651e-06
7.484067822891424e-06
6.923143912293502e-06
6.442329727481895e-06
6.049492861772402e-06
5.637423541581181e-06
5.291595436574425e-06
5.1973007833415366e-06
4.7610716230034696e-06
4.5313542254916685e-06
4.2826825360862126e-06
4.092701863858869e-06
3.924735276086721e-06
3.790822992868925e-06
3.617929139181797e-06
3.4696720384393602e-06
3.3313490259085183e-06
3.2193714161318586e-06
3.1124800734687598e-06
2.9899325187822497e-06
2.878431770265403e-06
2.769076809424102e-06
2.9093072954159043e-06
2.6146605976767508e-06
2.53272387059648e-06
2.4364025300656067e-06
2.367022555593697e-06
2.302490443601831e-06
2.2422101428674067e-06
2.167584947528667e-06
2.1087748896964816e-06
2.0355802297823783e-06
1.9882937881448016e-06
1.9236027436212076e-06
1.872382379967045e-06
1.854143335852617e-06
1.789333080826812e-06
1.7508284088307845e-06
1.7232512789936058e-06
1.6622954992726593e-06
1.6405199095667435e-06
1.5966110763656618e-06
1.5486491191344007e-06
1.5250456404677e-06
1.489004647813393e-06
1.455705468515589e-06
1.4257441559948346e-06
1.396657048568765e-06
1.3661791588219785e-06
1.3443638311703883e-06
1.3220319243979854e-06
1.2952495322527587e-06
1.2674737284138852e-06
1.2468107659439435e-06
1.2200681144728758e-06
1.2068756067264985e-06
1.205524568187381e-06
1.1716293430860483e-06
1.140038839518335e-06
1.1183029885160067e-06
1.1037594395020278e-06
