2.3868828537464144
2.294207662684577
2.294080221108028
2.3074215590442924
2.294307222400392
2.294700885091509
2.2944893674509865
2.2944595139026647
2.300330380558967
2.3885303159611566
2.383434073976108
2.3638079722779137
2.3599491391863148
2.2998764989035467
2.2984081219605037
2.298771974733898
2.395505169859023
0.05470780864626952
0.0005884322965846098
0.00010699985861252312
5.778102926290428e-05
3.919223312472501e-05
2.9662779033450143e-05
2.4097824799875005e-05
1.995229052564745e-05
1.7115488391547322e-05
1.5063811556891387e-05
1.3620864989726605e-05
1.2019802777233833e-05
1.0735400829811884e-05
9.759270589386558e-06
8.966606263714182e-06
8.301157115641087e-06
7.711543487338141e-06
7.237299766269902e-06
6.687928158823654e-06
6.263242251536992e-06
5.853593969342391e-06
5.470648820391943e-06
5.345555454888589e-06
4.943460062025094e-06
4.647572475700404e-06
4.408616370645697e-06
4.196576174600913e-06
4.012184175378155e-06
3.858522783080583e-06
3.704342016232788e-06
3.5616054498664843e-06
3.4199672653422954e-06
3.2884278636109747e-06
3.174250560927508e-06
3.043281693310616e-06
2.9366571732225564e-06
2.8250939847436835e-06
2.777248401149076e-06
2.7067784509589332e-06
2.5755712154347878e-06
2.4842481553832843e-06
2.404897149663806e-06
2.3380972108303205e-06
2.282520011898928e-06
2.204284464531676e-06
2.1400560424191492e-06
2.076014969832483e-06
2.0167508072128317e-06
1.9588830971640288e-06
1.905681574547608e-06
1.8739122507927927e-06
1.8197570617368392e-06
1.7746788239816983e-06
1.7473287592468167e-06
1.6958217482364747e-06
1.6541750669440654e-06
1.6233679339978025e-06
1.5803418199311633e-06
1.5435486582678744e-06
1.5051802390481888e-06
1.4742453837633158e-06
1.4444004366396257e-06
1.4136273657153913e-06
1.3842848070615739e-06
1.3573775277921283e-06
1.3403476089186886e-06
1.3094468114331902e-06
1.2807684198768197e-06
1.2570968326599542e-06
1.2342001106243774e-06
1.2204058778918027e-06
1.2084082997440806e-06
1.1863119749965076e-06
1.1571737795098412e-06
1.132574060777967e-06
1.1132791650944845e-06
