0.01:...........
6.607486254828316
6.368801548367454
5.9126857553209575
3.6896344338144575
2.6983853930518737
2.583882943221501
2.5510189419700984
2.52856038184393
2.5319049852234974
2.4993771113100505
2.385010503303437
2.3137015331359136
2.2515443211510067
2.477033128057207
2.5288768422035943
2.4620452120190577
2.4212039408229646
2.3444610047908054
2.360653180735452
2.321717153844379
2.479819295519874
2.3810528982253305
2.365726983547211
2.439280461129688
2.3045529314449857
2.3309174057983215
2.3699541418325336
2.5453877769765403
2.4620839294933137
2.3803769344375247
2.312330074537368
2.309827403795152
2.3587894663924263
2.5500569485482716
2.2782601078351337
2.3397917333103364
2.4490329458599995
2.1998541854676747
2.3285037727583022
2.263324877193996
2.1640309393405914
2.166892281032744
2.3931543026651654
2.156086639563243
2.305592695588157
2.2323024244535534
0.01:...........
