0.01:...........
9.824645044690087
6.966740610485985
6.235711018244426
4.928291002909343
7.251135735284714
5.188555413200742
4.912755661919003
4.054273268154689
4.155496262368701
3.361699447745368
3.5728040927932376
1.9211911774816965
3.4137358143216088
2.7667837159974233
2.2669714178357805
1.713327130249568
1.5715193725767589
1.1980443772815523
2.0829565309342883
2.8206864998454138
3.2145902236302697
2.8091223694029304
2.52700575136003
2.104911662851061
1.8534625297500973
1.9837326867239813
2.4269798415047785
3.952073529504594
3.105597802003224
2.350530411515917
2.212349754004251
2.0022364216191426
1.1111710605167207
10.207955694198608
3.7198226264544894
1.145094605286916
6.659698066257294
3.9026365405037287
2.735398513362521
1.6442334402175176
1.7765078601383026
1.708273683275495
2.389455340589796
2.0181450508889696
2.1410424766086398
2.112031078338623
0.01:...........
