0.018339527243748308
5.5921367548505465
4.857243092636267
6.234346159189784
0.020206066138899283
1.4053220202792242e-05
6.741209715284407
5.4498287403004
0.023837867127331564
0.00021739175195716596
9.184720899994176
9.977718948572564
5.890987727728648
0.21170357754082147
1.0472941723188947e-06
0.3530379380484313
0.001404117360927254
3.0919769716698893e-06
1.093547300285991e-06
3.5071380053371585e-07
1.3113023413779957e-07
1.1920930376163597e-07
3.477628968926908
4.147234871082163
0.5017643517350661
0.029418321378737653
7.215046561580074
0.5749545253444868
2.0025240404644744e-05
6.257696781233335e-07
4.933279760166443e-07
1.1920930376163597e-07
11.565514715106772
5.548903023022644
0.1664192097064806
1.2123369153749015
1.755239983215991e-06
1.7650924753335553e-07
1.1920930376163597e-07
1.1920930376163597e-07
1.4527641866379782e-07
1.7977019021110607
0.00017128837950106874
2.030498941943885e-06
3.392698118697505e-07
1.4340879397423125e-07
1.1920930376163597e-07
1.1920930376163597e-07
1.1920930376163597e-07
0.0024354684948764316
3.57220727256428e-06
4.647178172376698e-07
2.1417939749805253e-07
1.3891857677587418e-07
1.2203059049890422e-07
1.1920930376163597e-07
0.043264594023571586
1.0969317059827214e-05
3.9307294826092703e-07
1.7921132723586196e-07
7.9382411920316525
0.2678476039111119
2.5259855460149085e-06
1.9717219961042548e-07
1.1920930376163597e-07
1.1920930376163597e-07
9.88308792373538
1.7244443032899222
0.00010802848710493625
2.725125599170042e-07
2.0118560180056495e-07
1.1920930376163597e-07
1.266400172141857e-07
