2.1548376546344454
1.658874753992637
5.63055467226343
5.614744326926834
2.9616754033690436
0.007496807339903755
2.2063967291708635
7.645206156390827
2.322743794127896
0.0014699581120044543
7.753335279072853
9.626204420405108
8.59526385223535
1.721368749185751
0.11521356288339397
0.7620097966731681
0.05695561500692653
3.0933216004038e-05
1.957334010013158e-06
6.548254521224604e-07
2.061128919978371e-07
1.230069715774107e-07
2.0336428867710103
4.7801701252792
1.720280490229905
0.2501019802494832
4.365839663087557
2.1797004348998437
0.0741498955825327
2.1541790827045914e-06
2.546821060810041e-06
1.9454960229024565e-07
2.5152618758938976
9.223141653367957
1.4345802306867932
0.3770666059907787
0.19475785813115826
1.8247293011078065e-06
1.2752841016094863e-07
1.1920930376163597e-07
3.812933290967229e-07
2.0437507144986435
0.4816442832966305
2.982179513570518e-05
7.683571422956804e-07
2.0000769939900108e-07
1.297167531179509e-07
1.1920930376163597e-07
1.1920930376163597e-07
0.7957877103302831
9.838601108083365e-05
1.2411503630492657e-06
2.93237920897939e-07
1.6469617590481836e-07
1.24284214135985e-07
1.196520811431258e-07
2.4682153538086045
0.0037790972901668523
1.4858304894330233e-06
2.577816481976112e-07
8.98085704656939
3.0790550582810368
0.005755206175189103
7.701712073091878e-07
1.4823677512002373e-07
1.8331109278335588e-07
8.862676815379555
4.539378042920763
0.28720544719321583
9.703063774592481e-06
2.9829597480711204e-07
1.403519291431264e-07
6.13300088693742e-07
